423453245,11,Gold/Diamond,1200.63,1,6,0,12/15/2007
345653425,21,Gold/Diamond,4568.96,1,22,3,06/26/2001
423148894,31,TMB,475.12,0,0,0,05/08/2012
677879013,41,TMB,45.36,1,102,1,09/12/2020
345599870,51,Gold/Diamond,78541.52,0,0,2,01/23/2021
423567890,61,TMB,249946.0,1,72,1,06/05/2009
345812332,71,Gold/Diamond,87562.89,1,42,0,07/12/2002
345879912,81,Gold/Diamond,5478.24,1,52,1,09/18/2000
423168945,91,TMB,450216.95,0,0,0,03/15/2011
235445789,101,TMB,4587.57,0,0,0,04/16/2008
436789213,111,Gold/Diamond,8562.1,1,82,2,03/14/2021
233435656,121,Gold/Diamond,852.61,1,12,1,07/26/2006
435678787,131,TMB,7561.02,0,0,1,02/03/2012
563432913,141,TMB,654.89,1,92,0,04/16/2005
345679898,151,Gold/Diamond,5420.69,1,32,2,06/06/1999
423453245,161,TMB,4242.42,0,0,0,01/03/2015
345599870,171,Gold/Diamond,8888.88,0,0,1,03/17/2007
436789213,181,Gold/Diamond,86753.09,0,0,0,05/18/2016
345812332,191,TMB,745.12,0,0,0,05/26/2017
563432913,201,TMB,8965.09,0,0,0,08/19/2003
